1 9 0 0 
1.00573 9.00038 0.0983968 0.22962 
1.02274 9.003 0.196794 0.459241 
1.05054 9.01008 0.29519 0.688861 
1.08832 9.02373 0.393587 0.918482 
1.13494 9.04594 0.491984 1.1481 
1.189 9.07854 0.590381 1.37772 
1.24879 9.12314 0.688777 1.60734 
1.31241 9.18112 0.787174 1.83696 
1.37771 9.25358 0.885571 2.06658 
1.44705 9.32622 0.730216 1.95422 
1.52777 9.38868 0.588883 2.13168 
1.62419 9.44353 0.447551 2.30914 
1.73561 9.48752 0.306219 2.4866 
1.85418 9.52249 0.267292 2.45834 
1.97265 9.55247 0.228365 2.43008 
2.09081 9.57752 0.189438 2.40183 
2.20847 9.59772 0.150511 2.37357 
2.32542 9.61314 0.111584 2.34531 
2.44148 9.62387 0.0726575 2.31706 
2.55645 9.62999 0.0337306 2.2888 
2.6688 9.62903 -0.0514379 2.20647 
2.78397 9.62222 -0.0664048 2.40845 
2.90909 9.61295 -0.0813716 2.61043 
3.04413 9.6009 -0.0963385 2.8124 
3.18901 9.5858 -0.111305 3.01438 
3.34368 9.56732 -0.126272 3.21636 
3.50806 9.54519 -0.141239 3.41834 
3.68208 9.51911 -0.156206 3.62032 
3.86566 9.48877 -0.171173 3.8223 
4.05717 9.44936 -0.234217 4.00017 
4.25441 9.39563 -0.297262 4.17805 
4.45628 9.32671 -0.360307 4.35592 
4.66163 9.24181 -0.423351 4.5338 
4.86921 9.14024 -0.486396 4.71167 
5.06504 9.00844 -0.69809 4.74807 
5.23007 8.83713 -0.909784 4.78448 
5.35637 8.63343 -1.12148 4.82088 
5.43767 8.40602 -1.33317 4.85728 
5.46961 8.16481 -1.54487 4.89368 
5.46691 7.91576 -1.61796 5.07075 
5.44529 7.65877 -1.69106 5.24781 
5.44334 7.39238 -1.46644 5.43027 
5.50274 7.12337 -1.24181 5.61272 
5.57405 6.85624 -1.37866 5.4553 
5.60729 6.58968 -1.51551 5.29788 
5.60814 6.3212 -1.61928 5.44611 
5.58043 6.04671 -1.72304 5.59434 
5.52294 5.76931 -1.8268 5.74257 
5.43478 5.49229 -1.93057 5.8908 
5.31684 5.22666 -2.04724 5.7413 
5.17259 4.98299 -2.16391 5.5918 
5.01825 4.746 -2.13227 5.72155 
4.86812 4.49869 -2.10064 5.85129 
4.72269 4.24111 -2.069 5.98103 
4.58248 3.97331 -2.03737 6.11078 
4.44798 3.69538 -2.00573 6.24052 
4.3197 3.4074 -1.9741 6.37026 
4.23073 3.10809 -1.744 6.14744 
4.21302 2.80748 -1.5139 5.92462 
4.19791 2.51242 -1.73007 5.91604 
4.17882 2.21805 -1.5409 5.90118 
4.20579 1.92969 -1.41344 5.69126 
4.26689 1.65734 -1.28598 5.48133 
4.35853 1.40482 -1.15852 5.2714 
4.47672 1.17532 -1.03106 5.06147 
4.61718 0.971337 -0.903605 4.85155 
4.77542 0.794676 -0.776145 4.64162 
4.94689 0.64642 -0.648685 4.43169 
5.12707 0.526955 -0.521226 4.22176 
5.31157 0.435997 -0.393766 4.01184 
5.49854 0.380245 -0.183971 3.80682 
5.68283 0.365463 0.0258233 3.60181 
5.85601 0.38805 0.235618 3.39679 
6.01104 0.44279 0.445412 3.19177 
6.15423 0.504106 0.363068 3.04079 
6.29483 0.551048 0.280724 2.88981 
6.43147 0.584476 0.19838 2.73883 
6.56984 0.596682 -0.0212297 2.82853 
6.71095 0.591529 -0.051784 2.81989 
6.85141 0.582097 -0.0823383 2.81125 
6.99108 0.56842 -0.112893 2.80261 
7.12984 0.550538 -0.143447 2.79398 
7.26757 0.528494 -0.174001 2.78534 
7.40413 0.502333 -0.204555 2.7767 
7.53941 0.472107 -0.23511 2.76806 
7.67511 0.436013 -0.284578 2.84935 
7.81274 0.392015 -0.334046 2.93065 
7.95182 0.339839 -0.383514 3.01194 
8.09189 0.279235 -0.432983 3.09323 
8.23243 0.209984 -0.482451 3.17453 
8.37758 0.154253 -0.249281 3.059 
8.52597 0.134333 -0.0161116 2.94347 
8.66922 0.148661 0.217058 2.82794 
8.80395 0.176023 0.183345 2.67147 
8.9318 0.197531 0.149631 2.51499 
9.05256 0.213681 0.115918 2.35852 
9.16601 0.224978 0.0822042 2.20205 
9.27197 0.231934 0.0484908 2.04557 
9.36797 0.247986 0.28667 1.85709 
9.44884 0.282523 0.52485 1.66861 
9.51176 0.329521 0.76303 1.48013 
9.55583 0.382777 1.00121 1.29165 
9.58201 0.436466 1.23939 1.10317 
9.5928 0.485624 1.47757 0.914688 
9.59193 0.52654 1.71575 0.726207 
9.5841 0.557992 1.92161 0.572466 
9.57338 0.580282 2.12748 0.418726 
9.56302 0.593846 2.33334 0.264985 
9.55596 0.600033 2.5392 0.111245 
9.55452 0.600971 2.74507 -0.0424957 
9.56026 0.599373 2.95093 -0.196236 

