1 9 0 0 
1.00267 9.00045 0.25 0.108318 
1.01016 9.00352 0.5 0.216637 
1.02105 9.01151 0.75 0.324955 
1.03308 9.0261 1 0.433273 
1.04346 9.04808 1.25 0.541592 
1.04913 9.07724 1.5 0.64991 
1.04712 9.1123 1.75 0.758228 
1.03487 9.15092 2 0.866546 
1.01061 9.1899 2.25 0.974865 
1.21377 9.15526 0.940685 1.08318 
1.23902 9.20075 1.19069 1.00334 
1.25122 9.24722 1.44069 0.923494 
1.25153 9.29128 1.69069 0.843649 
1.2419 9.33019 1.94069 0.763805 
1.22482 9.362 2.19069 0.68396 
1.20311 9.38567 2.44069 0.604115 
1.17956 9.40106 2.69069 0.524271 
1.47208 9.29211 -0.116148 0.444426 
1.49879 9.29254 0.133852 0.626984 
1.53337 9.30189 0.383852 0.809541 
1.57251 9.32394 0.633852 0.992099 
1.61158 9.36125 0.883852 1.17466 
1.64506 9.41478 1.13385 1.35721 
1.66705 9.48359 1.38385 1.53977 
1.6719 9.56478 1.63385 1.72233 
1.6548 9.6536 1.88385 1.90489 
1.6124 9.74367 2.13385 2.08744 
2.12086 9.0997 -0.397369 2.27 
2.22771 9.06976 -0.147369 2.18009 
2.33416 9.06728 0.102631 2.09018 
2.43354 9.09021 0.352631 2.00027 
2.40059 8.80598 -1.24686 1.91035 
2.44047 8.72289 -0.996862 1.78587 
2.49568 8.65701 -0.746862 1.66139 
2.56042 8.61044 -0.496862 1.5369 
2.60113 8.5499 -0.529867 1.41242 
2.67026 8.52049 -0.279867 1.60042 
2.75378 8.50765 -0.0298672 1.78841 
2.84721 8.51676 0.220133 1.9764 
2.94431 8.55188 0.470133 2.1644 
3.03746 8.61518 0.720133 2.35239 
3.11828 8.70657 0.970133 2.54038 
3.17827 8.82346 1.22013 2.72838 
3.44231 8.46485 0.238517 2.91637 
3.58007 8.51734 0.488517 2.99573 
3.70379 8.60457 0.738517 3.07509 
3.80466 8.72269 0.988517 3.15444 
3.87491 8.86565 1.23852 3.2338 
4.20685 8.611 0.141319 3.31315 
4.3663 8.6545 0.391319 3.31484 
4.51009 8.73613 0.641319 3.31653 
4.68577 8.51686 -0.529364 3.31821 
4.83362 8.45338 -0.279364 3.1345 
4.98352 8.42986 -0.0293639 2.95078 
5.12546 8.44328 0.220636 2.76707 
5.25105 8.4883 0.470636 2.58335 
5.35401 8.55785 0.720636 2.39964 
5.43049 8.64386 0.970636 2.21592 
5.31878 7.84684 -1.14811 2.03221 
5.36912 7.76395 -0.898107 1.85729 
5.43217 7.70218 -0.648107 1.68237 
5.50098 7.66229 -0.398107 1.50746 
5.34533 7.51886 -1.88332 1.33254 
5.3321 7.44784 -1.63332 1.56469 
5.33757 7.3642 -1.38332 1.79685 
5.36713 7.27349 -1.13332 2.029 
5.16062 7.21369 -2.30998 2.26115 
5.09615 7.12233 -2.05998 2.22327 
5.05696 7.01963 -1.80998 2.1854 
5.04461 6.91229 -1.55998 2.14752 
5.05895 6.80711 -1.30998 2.10964 
5.09815 6.7105 -1.05998 2.07176 
5.15891 6.62811 -0.809977 2.03388 
5.2367 6.5645 -0.559977 1.99601 
4.80627 6.46227 -1.69818 1.95813 
4.80614 6.36213 -1.44818 2.05811 
4.83201 6.26023 -1.19818 2.15809 
4.88466 6.16352 -0.948178 2.25808 
4.96299 6.07918 -0.698178 2.35806 
4.82274 5.9126 -1.39496 2.45804 
4.86011 5.79259 -1.14496 2.58283 
4.92927 5.68026 -0.894962 2.70761 
4.75241 5.53025 -2.09387 2.83239 
4.69666 5.39739 -1.84387 2.9458 
4.67469 5.24928 -1.59387 3.05921 
4.69062 5.09471 -1.34387 3.17261 
4.74624 4.94357 -1.09387 3.28602 
4.84073 4.80624 -0.843869 3.39942 
4.97052 4.69282 -0.593869 3.51283 
5.12937 4.61249 -0.343869 3.62623 
5.30868 4.57272 -0.0938685 3.73964 
5.03995 4.17356 -0.703141 3.85305 
5.20235 4.06768 -0.453141 3.92185 
5.38915 4.00416 -0.203141 3.99066 
5.58927 3.98856 0.0468595 4.05947 
5.79041 4.02355 0.296859 4.12828 
5.97977 4.10861 0.546859 4.19708 
6.14489 4.24002 0.796859 4.26589 
5.39174 2.86954 -1.88767 4.3347 
5.3508 2.65921 -1.63767 4.25898 
5.36295 2.44905 -1.38767 4.18327 
5.42557 2.25203 -1.13767 4.10756 
5.38365 2.04633 -1.26603 4.03185 
5.46227 1.85867 -1.08268 4.11798 
5.5803 1.6909 -0.832677 4.10851 
5.73581 1.55785 -0.582677 4.09904 
5.91897 1.46762 -0.332677 4.08957 
6.1183 1.42561 -0.0826773 4.0801 
6.32136 1.4342 0.167323 4.07063 
6.51552 1.49262 0.417323 4.06116 
6.6888 1.59702 0.667323 4.05169 
6.86178 1.35615 0.397969 4.04222 
7.0335 1.45498 0.647969 3.90363 
7.17049 1.5884 0.897969 3.76504 
7.2666 1.74566 1.14797 3.62645 
7.31879 1.9152 1.39797 3.48786 
7.32709 2.08548 1.64797 3.34927 
7.29439 2.24575 1.89797 3.21068 
7.22607 2.38673 2.14797 3.07209 
7.12946 2.50115 2.39797 2.9335 
7.01317 2.5841 2.64797 2.79491 
8.29874 0.878096 -1.15159 2.65632 
8.35707 0.765418 -1.03295 2.42171 
8.4274 0.674908 -0.782952 2.17524 
8.50821 0.612128 -0.532952 1.92878 
8.59076 0.57617 -0.282952 1.68232 
8.66751 0.563687 -0.0329521 1.43586 
8.73272 0.569449 0.217048 1.1894 
8.78289 0.587041 0.467048 0.942937 
8.81695 0.609641 0.717048 0.696476 
8.83618 0.630797 0.967048 0.450014 
8.84392 0.645144 1.21705 0.203553 
8.39618 0.204415 -2.47436 -0.0429084 
8.39504 0.203032 -2.22436 0.11432 
8.38548 0.200469 -2.90464 0.271549 
8.37465 0.196454 -2.65464 0.191878 
8.36693 0.195565 -2.85472 0.112208 
8.36208 0.193457 -2.60472 0.100109 
8.35722 0.193157 -2.94602 0.0880111 
8.35636 0.193025 -2.69602 -0.0534702 
8.36149 0.196494 -2.44602 -0.194952 
8.37042 0.206288 -2.19602 -0.336433 
8.38003 0.224176 -1.94602 -0.477914 
8.38666 0.250722 -1.69602 -0.619396 
8.40075 0.28062 -1.66123 -0.760877 
8.39951 0.317575 -1.41123 -0.721979 
8.40158 0.352736 -1.50064 -0.683081 
8.39505 0.385849 -1.25064 -0.670493 
8.3808 0.41575 -1.00064 -0.657905 
8.36 0.440714 -0.75064 -0.645317 
8.39176 0.483949 -1.49133 -0.632729 
8.38502 0.516177 -1.24133 -0.687745 
8.36931 0.548201 -0.991327 -0.742762 
8.34438 0.577433 -0.741327 -0.797779 
8.31077 0.601177 -0.491327 -0.852795 
8.26976 0.616848 -0.241327 -0.907812 
8.22342 0.622205 0.00867341 -0.962828 
8.56775 0.679189 -2.9959 -1.01784 
8.61248 0.691415 -2.7459 -0.842158 
8.64521 0.709971 -2.4959 -0.666471 
8.66604 0.729942 -2.2459 -0.490785 
8.6767 0.746976 -1.9959 -0.315098 
8.68022 0.757749 -1.7459 -0.139411 
8.68053 0.760308 -1.4959 0.0362756 
8.68194 0.754278 -1.2459 0.211962 
8.68861 0.740894 -0.995899 0.387649 
8.70402 0.722874 -0.745899 0.563336 
8.70622 0.672911 -1.13242 0.739022 
8.72587 0.641798 -0.882415 0.736803 
8.75252 0.616589 -0.632415 0.734583 
8.78449 0.598813 -0.382415 0.732363 
8.81976 0.589527 -0.132415 0.730143 
8.85611 0.589255 0.117585 0.727924 
8.88486 0.569709 0.0885095 0.725704 
8.91998 0.57731 0.338509 0.715038 
8.95164 0.593124 0.588509 0.704373 
8.978 0.615932 0.838509 0.693707 
8.9976 0.644117 1.08851 0.683042 
9.05172 0.617844 0.478189 0.672376 
9.0876 0.632383 0.299637 0.878336 
9.12638 0.649861 0.549637 0.827716 
9.15767 0.674815 0.799637 0.777095 
9.18028 0.704716 1.04964 0.726474 
9.19382 0.736955 1.29964 0.675853 
9.21476 0.759529 1.32989 0.625232 
9.21836 0.790393 1.57989 0.620918 
9.21424 0.820974 1.82989 0.616605 
9.20276 0.849385 2.07989 0.612291 
9.18474 0.873901 2.32989 0.607977 
9.16137 0.893058 2.57989 0.603663 
9.13419 0.90575 2.82989 0.599349 
9.10493 0.911282 3.07989 0.595035 
9.07542 0.909417 3.32989 0.590721 
9.0475 0.900375 3.57989 0.586408 
9.09167 1.00781 2.74974 0.582094 
9.06448 1.01528 2.99974 0.548447 
9.03798 1.01576 3.24974 0.5148 
9.01381 1.01006 3.49974 0.481153 
8.99328 0.999329 3.74974 0.447506 
8.9773 0.984981 3.99974 0.413859 
8.9663 0.968522 4.24974 0.380212 
8.96026 0.951434 4.49974 0.346566 
8.95878 0.935056 4.74974 0.312919 
8.91075 1.07724 2.80734 0.279272 
8.90033 1.07959 3.05734 0.148911 
8.89616 1.07955 3.30734 0.0185499 
8.89874 1.08101 3.07948 -0.111811 

