1 9 0 0 
1.00003 9 -0.0277015 0.00110611 
1.00006 8.99999 -0.0554031 0.00221222 
1.00008 8.99999 -0.0831046 0.00331833 
1.00011 8.99999 -0.110806 0.00442444 
1.00014 8.99999 -0.138508 0.00553055 
1.00022 8.99997 -0.166209 0.00663666 
1.0003 8.99995 -0.193911 0.00774277 
1.00038 8.99993 -0.221612 0.00884888 
1.00046 8.99992 -0.249314 0.00995499 
1.00054 8.9999 -0.277015 0.0110611 
1.00067 8.99985 -0.304717 0.0121672 
1.0008 8.9998 -0.332418 0.0132733 
1.00093 8.99976 -0.36012 0.0143794 
1.00106 8.99971 -0.387821 0.0154855 
1.00119 8.99966 -0.415523 0.0165917 
0.998726 9.00066 -0.393771 -0.106409 
0.996261 9.00166 -0.37202 -0.229409 
0.994159 9.00221 -0.341465 -0.250941 
0.992057 9.00276 -0.31091 -0.272473 
0.989955 9.00331 -0.280355 -0.294005 
0.987854 9.00386 -0.249799 -0.315537 
0.985752 9.00441 -0.219244 -0.337069 
0.98365 9.00497 -0.188689 -0.358601 
0.981548 9.00552 -0.158134 -0.380133 
0.96633 9.0081 -0.179834 -0.237306 
0.958183 9.00966 -0.201534 -0.0944781 
0.957053 9.00989 -0.223233 0.0483494 
0.962875 9.00849 -0.244933 0.191177 
0.975574 9.00515 -0.266633 0.334004 
0.995065 8.99959 -0.288333 0.476832 
1.02126 8.9915 -0.310033 0.619659 
1.05404 8.98059 -0.331732 0.762487 
1.09331 8.96657 -0.353432 0.905314 
1.10354 8.96339 -0.326748 0.881476 
1.11377 8.96021 -0.300063 0.857638 
1.12401 8.95704 -0.273378 0.8338 
1.13424 8.95386 -0.246694 0.809962 
1.14359 8.95202 -0.220009 0.786124 
1.15293 8.95018 -0.193324 0.762286 
1.16228 8.94834 -0.16664 0.738448 
1.17162 8.9465 -0.139955 0.71461 
1.17992 8.94577 -0.11327 0.690772 
1.18822 8.94504 -0.0865855 0.666934 
1.19652 8.9443 -0.0599008 0.643096 
1.20482 8.94357 -0.0332162 0.619258 
1.21196 8.94371 -0.00653147 0.59542 
1.2191 8.94384 0.0201532 0.571582 
1.22624 8.94397 0.0468379 0.547744 
1.23338 8.94411 0.0735226 0.523906 
1.23929 8.94485 0.100207 0.500068 
1.24519 8.94559 0.126892 0.47623 
1.25109 8.94633 0.153577 0.452392 
1.257 8.94708 0.180261 0.428554 
1.26163 8.94817 0.206946 0.404716 
1.26626 8.94926 0.233631 0.380878 
1.27089 8.95035 0.260315 0.35704 
1.27552 8.95144 0.287 0.333202 
1.27889 8.95262 0.313685 0.309364 
1.28226 8.9538 0.340369 0.285526 
1.28562 8.95498 0.367054 0.261688 
1.28899 8.95617 0.393739 0.23785 
1.29114 8.95718 0.420423 0.214012 
1.29328 8.9582 0.447108 0.190174 
1.29543 8.95922 0.473793 0.166336 
1.29758 8.96024 0.500477 0.142498 
1.29859 8.96085 0.527162 0.11866 
1.2996 8.96146 0.553847 0.0948215 
1.30062 8.96208 0.580531 0.0709835 
1.30163 8.96269 0.607216 0.0471455 
1.3033 8.96372 0.577432 0.0941654 
1.30497 8.96475 0.547648 0.141185 
1.30663 8.96579 0.517864 0.188205 
1.31048 8.96773 0.48808 0.235225 
1.31432 8.96968 0.458296 0.282245 
1.31817 8.97163 0.428512 0.329265 
1.32435 8.97411 0.398728 0.376285 
1.33054 8.97659 0.368944 0.423304 
1.33672 8.97907 0.33916 0.470324 
1.34535 8.98167 0.309375 0.517344 
1.35398 8.98426 0.279591 0.564364 
1.3626 8.98686 0.249807 0.611384 
1.37373 8.98916 0.220023 0.658404 
1.38486 8.99146 0.190239 0.705424 
1.39598 8.99375 0.160455 0.752443 
1.40863 8.99627 0.184072 0.766843 
1.42129 8.99878 0.207689 0.781242 
1.43394 9.0013 0.231306 0.795642 
1.44707 9.00489 0.254923 0.810041 
1.46021 9.00849 0.27854 0.82444 
1.47334 9.01208 0.302157 0.83884 
1.48687 9.01683 0.325774 0.853239 
1.5004 9.02158 0.349391 0.867638 
1.51392 9.02634 0.373007 0.882038 
1.52774 9.03232 0.396624 0.896437 
1.54156 9.03831 0.420241 0.910836 
1.55537 9.04429 0.443858 0.925236 
1.56937 9.05157 0.467475 0.939635 
1.58337 9.05885 0.491092 0.954034 
1.59737 9.06613 0.514709 0.968434 
1.61143 9.07476 0.538326 0.982833 
1.62549 9.08338 0.561943 0.997232 
1.63955 9.09201 0.58556 1.01163 
1.65355 9.10203 0.609177 1.02603 
1.66755 9.11205 0.632794 1.04043 
1.68155 9.12208 0.656411 1.05483 
1.70415 9.14016 0.67439 1.15786 
1.72675 9.15825 0.692369 1.26088 
1.7778 9.2003 0.685812 1.38482 
1.83394 9.24593 0.679254 1.50875 
1.8952 9.29506 0.672696 1.63269 
1.96165 9.34764 0.666138 1.75662 
2.03333 9.40359 0.65958 1.88055 
2.07131 9.43496 0.689919 1.9709 
2.10929 9.46634 0.720258 2.06125 
2.14861 9.50304 0.750597 2.1516 
2.18792 9.53974 0.780936 2.24194 
2.22805 9.58203 0.811275 2.33229 
2.26817 9.62432 0.841613 2.42264 
2.27907 9.63399 0.812343 2.40102 
2.28996 9.64366 0.783072 2.3794 
2.30086 9.65333 0.753801 2.35777 
2.31175 9.663 0.72453 2.33615 
2.32265 9.67267 0.695259 2.31453 
2.33354 9.68235 0.665988 2.29291 
2.34443 9.69202 0.636717 2.27129 
2.35533 9.70169 0.607447 2.24967 
2.36722 9.70806 0.578176 2.22804 
2.37911 9.71443 0.548905 2.20642 
2.391 9.7208 0.519634 2.1848 
2.40289 9.72717 0.490363 2.16318 
2.41478 9.73354 0.461092 2.14156 
2.42667 9.73991 0.431821 2.11994 
2.43856 9.74629 0.40255 2.09832 
2.45045 9.75266 0.37328 2.07669 
2.46245 9.75582 0.344009 2.05507 
2.47445 9.75899 0.314738 2.03345 
2.48645 9.76215 0.285467 2.01183 
2.49845 9.76532 0.256196 1.99021 
2.51045 9.76848 0.226925 1.96859 
2.52245 9.77165 0.197654 1.94696 
2.53445 9.77481 0.168384 1.92534 
2.54645 9.77798 0.139113 1.90372 
2.55777 9.77825 0.109842 1.8821 
2.5691 9.77852 0.0805709 1.86048 
2.58043 9.77879 0.0513001 1.83886 
2.59176 9.77906 0.0220292 1.81724 
2.60309 9.77933 -0.00724166 1.79561 
2.61442 9.7796 -0.0365125 1.77399 
2.62575 9.77987 -0.0657834 1.75237 
2.63707 9.78014 -0.0950543 1.73075 
2.6471 9.77801 -0.124325 1.70913 
2.65713 9.77587 -0.153596 1.68751 
2.66716 9.77373 -0.182867 1.66588 
2.67719 9.77159 -0.212138 1.64426 
2.68721 9.76945 -0.241409 1.62264 
2.69724 9.76731 -0.270679 1.60102 
2.70727 9.76518 -0.29995 1.5794 
2.7173 9.76304 -0.329221 1.55778 
2.72558 9.7591 -0.358492 1.53616 
2.73387 9.75516 -0.387763 1.51453 
2.74215 9.75121 -0.417034 1.49291 
2.75044 9.74727 -0.446305 1.47129 
2.75872 9.74333 -0.475576 1.44967 
2.76701 9.73939 -0.504846 1.42805 
2.77529 9.73545 -0.534117 1.40643 
2.78358 9.73151 -0.563388 1.3848 
2.78988 9.72643 -0.592659 1.36318 
2.79619 9.72135 -0.62193 1.34156 
2.80249 9.71628 -0.651201 1.31994 
2.8088 9.7112 -0.680472 1.29832 
2.81511 9.70612 -0.709742 1.2767 
2.82141 9.70105 -0.739013 1.25507 
2.82772 9.69597 -0.768284 1.23345 
2.83402 9.69089 -0.797555 1.21183 
2.83832 9.68534 -0.826826 1.19021 
2.84262 9.6798 -0.856097 1.16859 
2.84692 9.67425 -0.885368 1.14697 
2.85122 9.6687 -0.914638 1.12535 
2.85551 9.66315 -0.943909 1.10372 
2.85981 9.65761 -0.97318 1.0821 
2.86411 9.65206 -1.00245 1.06048 
2.86841 9.64651 -1.03172 1.03886 
2.87874 9.63073 -1.00546 1.10084 
2.88906 9.61495 -0.979199 1.16282 
2.89939 9.59917 -0.952937 1.2248 
2.91282 9.5818 -0.926676 1.28678 
2.92625 9.56443 -0.900414 1.34876 
2.93968 9.54706 -0.874152 1.41074 
2.95652 9.52851 -0.847891 1.47272 
2.97336 9.50995 -0.821629 1.5347 
2.99019 9.4914 -0.795368 1.59668 
3.01069 9.4721 -0.769106 1.65866 
3.03119 9.4528 -0.742844 1.72063 
3.05169 9.4335 -0.716583 1.78261 
3.07606 9.41393 -0.690321 1.84459 
3.10042 9.39437 -0.66406 1.90657 
3.12479 9.3748 -0.637798 1.96855 
3.15318 9.35547 -0.611536 2.03053 
3.18158 9.33613 -0.585275 2.09251 
3.20997 9.3168 -0.559013 2.15449 
3.24248 9.29822 -0.532752 2.21647 
3.275 9.27965 -0.50649 2.27845 
3.30751 9.26107 -0.480228 2.34043 
3.34419 9.24379 -0.453967 2.40241 
3.38087 9.2265 -0.427705 2.46439 
3.41755 9.20922 -0.401444 2.52637 
3.45837 9.19378 -0.375182 2.58835 
3.49919 9.17834 -0.34892 2.65033 
3.54002 9.1629 -0.322659 2.71231 
3.56147 9.15357 -0.351592 2.74514 
3.58292 9.14423 -0.380525 2.77797 
3.60437 9.1349 -0.409458 2.81079 
3.62582 9.12556 -0.438391 2.84362 
3.64727 9.11623 -0.467325 2.87645 
3.66872 9.10689 -0.496258 2.90928 
3.6896 9.09309 -0.525191 2.94211 
3.71049 9.07929 -0.554124 2.97494 
3.73137 9.06548 -0.583057 3.00777 
3.75226 9.05168 -0.61199 3.0406 
3.77314 9.03788 -0.640924 3.07342 
3.79403 9.02408 -0.669857 3.10625 
3.81724 9.00289 -0.697782 3.12192 
3.84045 8.98169 -0.725707 3.13759 
3.86366 8.9605 -0.753632 3.15326 
3.88687 8.93931 -0.781557 3.16893 
3.91008 8.91812 -0.809482 3.18459 
3.93061 8.8933 -0.837407 3.20026 
3.95114 8.86849 -0.865332 3.21593 
3.97168 8.84367 -0.893257 3.2316 
3.99221 8.81885 -0.921182 3.24727 
4.01275 8.79403 -0.949107 3.26294 
4.03004 8.76593 -0.977032 3.27861 
4.04733 8.73783 -1.00496 3.29427 
4.06462 8.70973 -1.03288 3.30994 
4.08191 8.68163 -1.06081 3.32561 
4.0992 8.65353 -1.08873 3.34128 
4.11273 8.62258 -1.11666 3.35695 
4.12625 8.59163 -1.14458 3.37262 
4.13978 8.56067 -1.17251 3.38828 
4.1533 8.52972 -1.20043 3.40395 
4.16683 8.49877 -1.22836 3.41962 
4.17612 8.46549 -1.25628 3.43529 
4.18542 8.4322 -1.28421 3.45096 
4.19472 8.39892 -1.31213 3.46663 
4.20401 8.36563 -1.34006 3.48229 
4.21331 8.33234 -1.36798 3.49796 
4.21799 8.29731 -1.39591 3.51363 
4.22267 8.26228 -1.42383 3.5293 
4.22734 8.22725 -1.45176 3.54497 
4.23202 8.19222 -1.47968 3.56064 
4.2367 8.15719 -1.50761 3.57631 
4.23645 8.12106 -1.53553 3.59197 
4.2362 8.08494 -1.56346 3.60764 
4.23595 8.04881 -1.59138 3.62331 
4.23571 8.01269 -1.61931 3.63898 
4.23546 7.97656 -1.64723 3.65465 
4.23007 7.94005 -1.67516 3.67032 
4.22468 7.90354 -1.70308 3.68598 
4.21929 7.86702 -1.73101 3.70165 
4.21391 7.83051 -1.75893 3.71732 
4.20852 7.794 -1.78686 3.73299 
4.18587 7.70119 -1.80996 3.82156 
4.16323 7.60838 -1.83306 3.91014 
4.15979 7.58459 -1.80319 3.89644 
4.15636 7.5608 -1.77331 3.88274 
4.15292 7.53701 -1.74344 3.86905 
4.14949 7.51322 -1.71356 3.85535 
4.14606 7.48942 -1.68369 3.84165 
4.14262 7.46563 -1.65381 3.82796 
4.13919 7.44184 -1.62394 3.81426 
4.13576 7.41805 -1.59407 3.80056 
4.13799 7.3948 -1.56419 3.78687 
4.14022 7.37155 -1.53432 3.77317 
4.14245 7.3483 -1.50444 3.75947 
4.14468 7.32505 -1.47457 3.74578 
4.14691 7.3018 -1.44469 3.73208 
4.14914 7.27855 -1.41482 3.71838 
4.15137 7.25531 -1.38494 3.70469 
4.1536 7.23206 -1.35507 3.69099 
4.16105 7.21064 -1.32519 3.67729 
4.16849 7.18923 -1.29532 3.6636 
4.17594 7.16781 -1.26544 3.6499 
4.18338 7.1464 -1.23557 3.63621 
4.19083 7.12498 -1.20569 3.62251 
4.19828 7.10357 -1.17582 3.60881 
4.20572 7.08215 -1.14594 3.59512 
4.21317 7.06074 -1.11607 3.58142 
4.25423 6.97953 -1.10276 3.63998 
4.29528 6.89832 -1.08945 3.69854 
4.33988 6.81566 -1.07614 3.7571 
4.38447 6.733 -1.06283 3.81566 
4.43271 6.64901 -1.04952 3.87422 
4.48095 6.56503 -1.03622 3.93278 
4.53293 6.47985 -1.02291 3.99135 
4.58491 6.39468 -1.0096 4.04991 
4.64072 6.30847 -0.99629 4.10847 
4.69654 6.22225 -0.982982 4.16703 
4.75629 6.13513 -0.969674 4.22559 
4.81604 6.04802 -0.956365 4.28415 
4.87981 5.96016 -0.943057 4.34271 
4.94358 5.87229 -0.929748 4.40127 
5.01144 5.78383 -0.91644 4.45983 
5.07931 5.69537 -0.903132 4.51839 
5.15232 5.60803 -0.874605 4.5541 
5.22533 5.52069 -0.846079 4.58982 
5.30442 5.43636 -0.817552 4.62553 
5.38352 5.35202 -0.789026 4.66124 
5.40851 5.32175 -0.819368 4.67983 
5.43351 5.29149 -0.849711 4.69842 
5.45851 5.26122 -0.880054 4.71702 
5.48351 5.23096 -0.910396 4.73561 
5.50851 5.20069 -0.940739 4.7542 
5.53351 5.17043 -0.971082 4.77279 
5.55306 5.13533 -1.00142 4.79138 
5.57262 5.10022 -1.03177 4.80998 
5.59218 5.06512 -1.06211 4.82857 
5.61174 5.03002 -1.09245 4.84716 
5.63129 4.99492 -1.1228 4.86575 
5.65085 4.95982 -1.15314 4.88434 
5.66403 4.92088 -1.18348 4.90294 
5.67721 4.88193 -1.21382 4.92153 
5.69038 4.84299 -1.24417 4.94012 
5.70356 4.80405 -1.27451 4.95871 
5.71674 4.76511 -1.30485 4.9773 
5.72992 4.72617 -1.33519 4.9959 
5.73596 4.68456 -1.36554 5.01449 
5.742 4.64296 -1.39588 5.03308 
5.74804 4.60136 -1.42622 5.05167 
5.75409 4.55976 -1.45656 5.07027 
5.76013 4.51815 -1.48691 5.08886 
5.76617 4.47655 -1.51725 5.10745 
5.76455 4.43361 -1.54759 5.12604 
5.76292 4.39068 -1.57794 5.14463 
5.7613 4.34774 -1.60828 5.16323 
5.75967 4.3048 -1.63862 5.18182 
5.75805 4.26187 -1.66896 5.20041 
5.75643 4.21893 -1.69931 5.219 
5.74685 4.17609 -1.72965 5.23759 
5.73728 4.13325 -1.75999 5.25619 
5.72771 4.09041 -1.79033 5.27478 
5.71813 4.04757 -1.82068 5.29337 
5.70856 4.00473 -1.85102 5.31196 
5.69899 3.9619 -1.88136 5.33055 
5.69126 3.92499 -1.85154 5.31871 
5.68353 3.88808 -1.82171 5.30687 
5.6758 3.85117 -1.79189 5.29503 
5.66807 3.81426 -1.76207 5.28319 
5.66033 3.77735 -1.73224 5.27135 
5.6526 3.74044 -1.70242 5.25951 
5.64487 3.70353 -1.67259 5.24767 
5.64496 3.66641 -1.64277 5.23583 
5.64505 3.62929 -1.61295 5.22399 
5.64513 3.59217 -1.58312 5.21215 
5.64522 3.55505 -1.5533 5.20031 
5.6453 3.51793 -1.52348 5.18847 
5.64539 3.48081 -1.49365 5.17663 
5.64547 3.44369 -1.46383 5.16479 
5.65313 3.40797 -1.434 5.15295 
5.66078 3.37225 -1.40418 5.14111 
5.66843 3.33653 -1.37436 5.12927 
5.67609 3.30081 -1.34453 5.11743 
5.68374 3.2651 -1.31471 5.10559 
5.69139 3.22938 -1.28488 5.09375 
5.69905 3.19366 -1.25506 5.08191 
5.71369 3.16084 -1.22524 5.07007 
5.72834 3.12803 -1.19541 5.05823 
5.74299 3.09521 -1.16559 5.04639 
5.75764 3.06239 -1.13576 5.03455 
5.77229 3.02957 -1.10594 5.02271 
5.78694 2.99676 -1.07612 5.01087 
5.80159 2.96394 -1.04629 4.99902 
5.82237 2.93535 -1.01647 4.98718 
5.84315 2.90676 -0.986645 4.97534 
5.86394 2.87817 -0.956821 4.9635 
5.88472 2.84958 -0.926997 4.95166 
5.90551 2.82099 -0.897173 4.93982 
5.92629 2.7924 -0.867349 4.92798 
5.94708 2.76381 -0.837526 4.91614 
5.9729 2.74054 -0.807702 4.9043 
5.99872 2.71727 -0.777878 4.89246 
6.02453 2.69401 -0.748054 4.88062 
6.05035 2.67074 -0.71823 4.86878 
6.07617 2.64747 -0.688406 4.85694 
6.10199 2.62421 -0.658582 4.8451 
6.12781 2.60094 -0.628758 4.83326 
6.15738 2.58383 -0.598934 4.82142 
6.18695 2.56671 -0.56911 4.80958 
6.21652 2.5496 -0.539287 4.79774 
6.24609 2.53248 -0.509463 4.7859 
6.27566 2.51537 -0.479639 4.77406 
6.30523 2.49825 -0.449815 4.76222 
6.3348 2.48114 -0.419991 4.75038 
6.37906 2.46482 -0.393242 4.73866 
6.42332 2.4485 -0.366492 4.72695 
6.46759 2.43218 -0.339743 4.71524 
6.51185 2.41586 -0.312994 4.70352 
6.55611 2.39954 -0.286244 4.69181 
6.66591 2.3675 -0.283889 4.57492 
6.7757 2.33546 -0.281534 4.45804 
6.88003 2.30555 -0.27918 4.34115 
6.98435 2.27564 -0.276825 4.22426 
7.08319 2.24781 -0.27447 4.10738 
7.18203 2.21998 -0.272115 3.99049 
7.27537 2.19417 -0.26976 3.8736 
7.36871 2.16836 -0.267405 3.75671 
7.45653 2.14452 -0.26505 3.63983 
7.54434 2.12068 -0.262696 3.52294 
7.62662 2.09876 -0.260341 3.40605 
7.70891 2.07684 -0.257986 3.28917 
7.78563 2.05678 -0.255631 3.17228 
7.86236 2.03672 -0.253276 3.05539 
7.886 2.02847 -0.280994 3.03953 
7.90964 2.02022 -0.308712 3.02367 
7.93327 2.01196 -0.33643 3.00781 
7.95691 2.00371 -0.364148 2.99195 
7.98055 1.99545 -0.391867 2.97609 
8.00418 1.9872 -0.419585 2.96023 
8.02543 1.97553 -0.447303 2.94437 
8.04668 1.96385 -0.475021 2.92852 
8.06793 1.95218 -0.502739 2.91266 
8.08918 1.94051 -0.530457 2.8968 
8.11043 1.92884 -0.558175 2.88094 
8.13168 1.91717 -0.585893 2.86508 
8.15008 1.90263 -0.613611 2.84922 
8.16849 1.88809 -0.641329 2.83336 
8.18689 1.87355 -0.669047 2.8175 
8.20529 1.85902 -0.696765 2.80164 
8.22369 1.84448 -0.724484 2.78578 
8.2421 1.82994 -0.752202 2.76992 
8.25731 1.81315 -0.77992 2.75406 
8.27252 1.79635 -0.807638 2.7382 
8.28773 1.77955 -0.835356 2.72234 
8.30294 1.76276 -0.863074 2.70648 
8.31815 1.74596 -0.890792 2.69062 
8.33336 1.72917 -0.91851 2.67476 
8.34516 1.71075 -0.946228 2.6589 
8.35695 1.69234 -0.973946 2.64304 
8.36875 1.67392 -1.00166 2.62718 
8.38054 1.65551 -1.02938 2.61132 
8.39233 1.63709 -1.0571 2.59546 
8.40413 1.61868 -1.08482 2.5796 
8.4124 1.59929 -1.11254 2.56374 
8.42067 1.57991 -1.14025 2.54788 
8.42894 1.56052 -1.16797 2.53202 
8.43722 1.54114 -1.19569 2.51616 
8.44549 1.52175 -1.22341 2.5003 
8.45376 1.50237 -1.25113 2.48444 
8.45852 1.48265 -1.27885 2.46858 
8.46329 1.46294 -1.30656 2.45272 
8.46805 1.44322 -1.33428 2.43686 
8.47281 1.4235 -1.362 2.421 
8.47758 1.40379 -1.38972 2.40515 
8.48234 1.38407 -1.41744 2.38929 
8.48372 1.36463 -1.44515 2.37343 
8.4851 1.34518 -1.47287 2.35757 
8.48648 1.32574 -1.50059 2.34171 
8.48785 1.3063 -1.52831 2.32585 
8.48923 1.28686 -1.55603 2.30999 
8.49061 1.26741 -1.58374 2.29413 
8.49202 1.25193 -1.55361 2.26186 
8.49343 1.23644 -1.52349 2.22959 
8.49484 1.22095 -1.49336 2.19732 
8.49624 1.20546 -1.46323 2.16504 
8.49765 1.18998 -1.4331 2.13277 
8.49906 1.17449 -1.40297 2.1005 
8.50047 1.159 -1.37284 2.06823 
8.50461 1.14569 -1.34271 2.03596 
8.50875 1.13238 -1.31258 2.00369 
8.51288 1.11907 -1.28245 1.97142 
8.51702 1.10575 -1.25232 1.93915 
8.52116 1.09244 -1.22219 1.90688 
8.5253 1.07913 -1.19206 1.87461 
8.52944 1.06582 -1.16193 1.84234 
8.53548 1.05507 -1.1318 1.81007 
8.54152 1.04432 -1.10167 1.7778 
8.54756 1.03357 -1.07154 1.74553 
8.5536 1.02282 -1.04141 1.71326 
8.55964 1.01207 -1.01128 1.68099 
8.56568 1.00133 -0.981155 1.64872 
8.57172 0.990576 -0.951025 1.61644 
8.57881 0.982536 -0.920896 1.58417 
8.5859 0.974495 -0.890766 1.5519 
8.59299 0.966454 -0.860637 1.51963 
8.60008 0.958414 -0.830507 1.48736 
8.60717 0.950373 -0.800378 1.45509 
8.61426 0.942333 -0.770248 1.42282 
8.62134 0.934292 -0.740119 1.39055 
8.62866 0.928868 -0.709989 1.35828 
8.63598 0.923445 -0.67986 1.32601 
8.6433 0.918021 -0.649731 1.29374 
8.65062 0.912598 -0.619601 1.26147 
8.65794 0.907174 -0.589472 1.2292 
8.66525 0.901751 -0.559342 1.19693 
8.67257 0.896327 -0.529213 1.16466 
8.6794 0.893218 -0.499083 1.13239 
8.68622 0.890109 -0.468954 1.10011 
8.69304 0.887 -0.438824 1.06784 
8.69987 0.883891 -0.408695 1.03557 
8.70669 0.880782 -0.378565 1.0033 
8.71351 0.877673 -0.348436 0.971032 
8.72034 0.874564 -0.318306 0.938762 
8.72609 0.873293 -0.288177 0.906491 
8.73183 0.872021 -0.258047 0.874221 
8.73758 0.87075 -0.227918 0.84195 
8.74333 0.869478 -0.197788 0.809679 
8.74908 0.868207 -0.167659 0.777409 
8.75483 0.866935 -0.13753 0.745138 
8.76058 0.865664 -0.1074 0.712868 
8.77847 0.863213 -0.136046 0.722242 
8.79635 0.860762 -0.164692 0.731616 
8.81453 0.857201 -0.193338 0.740991 
8.83271 0.85364 -0.221984 0.750365 
8.8511 0.848928 -0.250629 0.759739 
8.8695 0.844216 -0.279275 0.769114 
8.88804 0.838316 -0.307921 0.778488 
8.90659 0.832416 -0.336567 0.787863 
8.9123 0.831081 -0.306477 0.797717 
8.918 0.829745 -0.276387 0.807571 
8.92371 0.82841 -0.246297 0.817426 
8.92942 0.827075 -0.216207 0.82728 
8.93513 0.825739 -0.186117 0.837135 
8.94084 0.824404 -0.156027 0.846989 
8.94655 0.823068 -0.125937 0.856843 
8.9529 0.822946 -0.095847 0.866698 
8.95926 0.822824 -0.065757 0.876552 
8.96561 0.822701 -0.035667 0.886407 
8.97196 0.822579 -0.00557703 0.896261 
8.97832 0.822456 0.024513 0.906115 
8.98467 0.822334 0.054603 0.91597 
8.99103 0.822212 0.084693 0.925824 
8.99796 0.823436 0.115693 0.899217 
9.00489 0.82466 0.146692 0.87261 
9.01182 0.825884 0.177692 0.846003 
9.01876 0.827108 0.208692 0.819396 
9.02569 0.828332 0.239691 0.792789 
9.03262 0.829556 0.270691 0.766181 
9.03797 0.831568 0.301691 0.739574 
9.04331 0.833581 0.332691 0.712967 
9.04866 0.835593 0.36369 0.68636 
9.054 0.837606 0.39469 0.659753 
9.05935 0.839618 0.42569 0.633146 
9.06469 0.841631 0.456689 0.606539 
9.06844 0.843903 0.487689 0.579932 
9.07219 0.846175 0.518689 0.553324 
9.07594 0.848447 0.549688 0.526717 
9.07969 0.850719 0.580688 0.50011 
9.08343 0.852992 0.611688 0.473503 
9.08718 0.855264 0.642687 0.446896 
9.08946 0.857298 0.673687 0.420289 
9.09174 0.859333 0.704687 0.393682 
9.09402 0.861368 0.735687 0.367075 
9.09629 0.863402 0.766686 0.340468 
9.09857 0.865437 0.797686 0.31386 
9.10085 0.867472 0.828686 0.287253 
9.10191 0.868834 0.859685 0.260646 
9.10297 0.870197 0.890685 0.234039 
9.10403 0.871559 0.921685 0.207432 
9.10509 0.872922 0.952684 0.180825 
9.10615 0.874285 0.983684 0.154218 
9.10721 0.875647 1.01468 0.127611 
9.10741 0.875994 1.04568 0.101003 
9.1076 0.87634 1.07668 0.0743964 
9.1078 0.876687 1.10768 0.0477893 
9.10799 0.877033 1.13868 0.0211821 
9.10819 0.87738 1.16968 -0.00542498 
9.10839 0.877727 1.20068 -0.0320321 
9.10815 0.876826 1.23168 -0.0586392 
9.10792 0.875925 1.26268 -0.0852463 
9.10768 0.875024 1.29368 -0.111853 
9.10745 0.874123 1.32468 -0.138461 
9.10721 0.873222 1.35568 -0.165068 
9.10698 0.872321 1.38668 -0.191675 
9.10692 0.871733 1.41694 -0.167452 
9.10685 0.871145 1.44719 -0.143228 
9.10679 0.870557 1.47745 -0.119005 
9.10673 0.869968 1.50771 -0.0947817 
9.10667 0.86938 1.53796 -0.0705584 
9.10661 0.868792 1.56822 -0.0463352 
9.10655 0.868204 1.59848 -0.0221119 
9.10649 0.867615 1.62873 0.00211138 
9.10635 0.868219 1.65899 0.0263347 
9.10622 0.868822 1.68925 0.0505579 
9.10608 0.869425 1.7195 0.0747812 
9.10595 0.870028 1.74976 0.0990045 
9.10582 0.870631 1.78002 0.123228 
9.10568 0.871234 1.81027 0.147451 
9.10555 0.871837 1.84053 0.171674 
9.10541 0.87244 1.87078 0.195898 
9.10465 0.874096 1.90104 0.220121 
9.10388 0.875752 1.9313 0.244344 
9.10311 0.877408 1.96155 0.268567 
9.10234 0.879064 1.99181 0.292791 
9.10157 0.88072 2.02207 0.317014 
9.1008 0.882377 2.05232 0.341237 
9.10004 0.884033 2.08258 0.36546 
9.09927 0.885689 2.11284 0.389684 
9.09738 0.888065 2.14309 0.413907 
9.09549 0.89044 2.17335 0.43813 
9.09361 0.892816 2.20361 0.462354 
9.09172 0.895192 2.23386 0.486577 
9.08983 0.897568 2.26412 0.5108 
9.08795 0.899944 2.29438 0.535023 
9.08606 0.90232 2.32463 0.559247 
9.08417 0.904696 2.35489 0.58347 
9.08082 0.907296 2.38515 0.607693 
9.07747 0.909897 2.4154 0.631916 
9.07412 0.912497 2.44566 0.65614 
9.07077 0.915098 2.47592 0.680363 
9.06742 0.917699 2.50617 0.704586 
9.06407 0.920299 2.53643 0.72881 
9.06072 0.9229 2.56669 0.753033 
9.05736 0.9255 2.59694 0.777256 
9.05225 0.928069 2.62444 0.747223 
9.04714 0.930638 2.65194 0.71719 
9.04203 0.933207 2.67943 0.687158 
9.03692 0.935776 2.70693 0.657125 
9.03181 0.938344 2.73443 0.627092 
9.0267 0.940913 2.76192 0.597059 
9.02267 0.942169 2.78942 0.567026 
9.01864 0.943424 2.81692 0.536994 
9.01461 0.944679 2.84441 0.506961 
9.01059 0.945935 2.87191 0.476928 
9.00656 0.94719 2.89941 0.446895 
9.00253 0.948446 2.9269 0.416862 
8.99983 0.948825 2.9544 0.386829 
8.99714 0.949204 2.9819 0.356797 
8.99445 0.949583 3.0094 0.326764 
8.99175 0.949962 3.03689 0.296731 
8.98906 0.950341 3.06439 0.266698 
8.98637 0.95072 3.09189 0.236665 
8.98338 0.950829 3.11139 0.119403 
8.9804 0.950938 3.13089 0.00214064 

