-1.5708 0 
-1.5716 -0.0322252 
-1.57401 -0.0636618 
-1.57794 -0.0935402 
-1.58332 -0.121129 
-1.59001 -0.145754 
-1.59784 -0.166812 
-1.60662 -0.183789 
-1.61614 -0.196271 
-1.62653 -0.218566 
-1.63791 -0.235521 
-1.64999 -0.246724 
-1.65273 -0.109383 
-1.65547 0.0279583 
-1.65134 0.164959 
-1.64721 0.301959 
-1.6363 0.435274 
-1.6254 0.568589 
-1.60799 0.694955 
-1.59058 0.821322 
-1.56709 0.937641 
-1.5436 1.05396 
-1.51461 1.15739 
-1.48561 1.26082 
-1.46309 1.31953 
-1.44056 1.37824 
-1.41803 1.43695 
-1.39285 1.48408 
-1.36768 1.53121 
-1.3425 1.57834 
-1.31527 1.61294 
-1.28805 1.64754 
-1.26082 1.68214 
-1.23251 1.69117 
-1.20419 1.7002 
-1.17588 1.70923 
-1.14743 1.7054 
-1.11899 1.70157 
-1.09054 1.69774 
-1.0626 1.68162 
-1.03466 1.66551 
-1.00672 1.64939 
-0.97987 1.6219 
-0.953022 1.59442 
-0.926174 1.56693 
-0.900962 1.52921 
-0.875749 1.49149 
-0.850537 1.45378 
-0.827439 1.40714 
-0.804341 1.36049 
-0.781243 1.31385 
-0.750387 1.23254 
-0.71953 1.15123 
-0.69298 1.0606 
-0.666431 0.969982 
-0.644604 0.871996 
-0.622777 0.774009 
-0.605996 0.670475 
-0.589214 0.56694 
-0.584198 0.389404 
-0.579182 0.211869 
-0.574166 0.0343334 
-0.57804 -0.143356 
-0.581914 -0.321045 
-0.585789 -0.498734 
-0.598501 -0.67415 
-0.611214 -0.849565 
-0.623926 -1.02498 
-0.645298 -1.19546 
-0.666669 -1.36595 
-0.688041 -1.53643 
-0.71775 -1.69889 
-0.747459 -1.86135 
-0.777169 -2.02381 
-0.805247 -2.13335 
-0.833326 -2.24288 
-0.861404 -2.35242 
-0.889483 -2.46196 
-0.916103 -2.54019 
-0.942722 -2.61843 
-0.969342 -2.69667 
-0.995962 -2.7749 
-1.02258 -2.85314 
-1.05283 -2.91944 
-1.08307 -2.98574 
-1.11331 -3.05204 
-1.14356 -3.11834 
-1.1738 -3.18464 
-1.20148 -3.22792 
-1.22915 -3.27119 
-1.25682 -3.31447 
-1.2845 -3.35774 
-1.31217 -3.40102 
-1.33985 -3.44429 
-1.36983 -3.49288 
-1.3998 -3.54147 
-1.42978 -3.59005 
-1.45976 -3.63864 
-1.48974 -3.68722 
-1.51971 -3.73581 
-1.54717 -3.76445 
-1.57463 -3.79308 
-1.60208 -3.82172 
-1.62954 -3.85035 
-1.657 -3.87899 
-1.68445 -3.90763 
-1.71191 -3.93626 
-1.74046 -3.95132 
-1.76901 -3.96638 
-1.79756 -3.98143 
-1.8261 -3.99649 
-1.85465 -4.01155 
-1.8832 -4.0266 
-1.91175 -4.04166 
-1.94072 -4.04345 
-1.96969 -4.04523 
-1.99865 -4.04702 
-2.02762 -4.04881 
-2.05659 -4.05059 
-2.08556 -4.05238 
-2.11452 -4.05416 
-2.14327 -4.04385 
-2.17202 -4.03354 
-2.20076 -4.02323 
-2.22951 -4.01292 
-2.25826 -4.00261 
-2.28701 -3.9923 
-2.31575 -3.98199 
-2.34372 -3.96146 
-2.37169 -3.94093 
-2.39966 -3.9204 
-2.42762 -3.89988 
-2.45559 -3.87935 
-2.48356 -3.85882 
-2.51153 -3.83829 
-2.54086 -3.73076 
-2.57018 -3.62324 
-2.59951 -3.51571 
-2.62884 -3.40819 
-2.65817 -3.30066 
-2.6875 -3.19314 
-2.71605 -3.05714 
-2.7446 -2.92115 
-2.77316 -2.78515 
-2.80171 -2.64916 
-2.83026 -2.51316 
-2.85732 -2.33833 
-2.88438 -2.1635 
-2.91144 -1.98867 
-2.93849 -1.81384 
-2.95674 -1.63667 
-2.97499 -1.4595 
-2.99324 -1.28233 
-3.01149 -1.10516 
-3.02086 -0.927058 
-3.03022 -0.748952 
-3.03959 -0.570846 
-3.04895 -0.39274 
-3.0494 -0.21439 
-3.04985 -0.03604 
-3.0503 0.14231 
-3.05075 0.32066 
-3.04229 0.498814 
-3.03382 0.676969 
-3.02536 0.855123 
-3.0169 1.03328 
-2.99954 1.21059 
-2.98219 1.3879 
-2.96483 1.56521 
-2.94748 1.74252 
-2.92131 1.91768 
-2.89513 2.09284 
-2.86896 2.268 
-2.84279 2.44316 
-2.81492 2.57967 
-2.78706 2.71618 
-2.75919 2.85268 
-2.73133 2.98919 
-2.70346 3.1257 
-2.67507 3.21829 
-2.64668 3.31089 
-2.61829 3.40348 
-2.5899 3.49608 
-2.56151 3.58867 
-2.53311 3.68126 
-2.50498 3.75322 
-2.47685 3.82517 
-2.44872 3.89712 
-2.42059 3.96908 
-2.39246 4.04103 
-2.36433 4.11298 
-2.3362 4.18494 
-2.30866 4.23864 
-2.28111 4.29234 
-2.25357 4.34604 
-2.22603 4.39975 
-2.19848 4.45345 
-2.17094 4.50715 
-2.1434 4.56086 
-2.11586 4.61456 
-2.08592 4.65621 
-2.05598 4.69785 
-2.02604 4.7395 
-1.9961 4.78115 
-1.96617 4.82279 
-1.93623 4.86444 
-1.90629 4.90608 
-1.87635 4.94773 
-1.8482 4.97197 
-1.82005 4.9962 
-1.7919 5.02044 
-1.76375 5.04468 
-1.7356 5.06892 
-1.70745 5.09315 
-1.6793 5.11739 
-1.65115 5.14163 
-1.623 5.16586 
-1.59399 5.17615 
-1.56497 5.18643 
-1.53596 5.19671 
-1.50694 5.207 
-1.47793 5.21728 
-1.44891 5.22756 
-1.4199 5.23785 
-1.39088 5.24813 
-1.36187 5.25842 
-1.33236 5.26787 
-1.30285 5.27732 
-1.27335 5.28677 
-1.24384 5.29622 
-1.21433 5.30567 
-1.18483 5.31512 
-1.15532 5.32457 
-1.12581 5.33402 
-1.09631 5.34347 
-1.06666 5.34007 
-1.03701 5.33667 
-1.00736 5.33327 
-0.977705 5.32987 
-0.948055 5.32647 
-0.918404 5.32307 
-0.888753 5.31967 
-0.859103 5.31627 
-0.829452 5.31287 
-0.800248 5.29886 
-0.771044 5.28485 
-0.74184 5.27084 
-0.712636 5.25683 
-0.683432 5.24282 
-0.654228 5.22882 
-0.625024 5.21481 
-0.59582 5.2008 
-0.566616 5.18679 
-0.538315 5.16522 
-0.510014 5.14365 
-0.481714 5.12208 
-0.453413 5.10051 
-0.425112 5.07894 
-0.396811 5.05737 
-0.368511 5.0358 
-0.34021 5.01423 
-0.311909 4.99266 
-0.281418 4.96368 
-0.250926 4.93471 
-0.220435 4.90573 
-0.189943 4.87676 
-0.159452 4.84778 
-0.12896 4.81881 
-0.0984688 4.78983 
-0.0679774 4.76086 
-0.038975 4.73085 
-0.00997262 4.70085 
0.0190298 4.67085 
0.0480321 4.64084 
0.0770345 4.61084 
0.106037 4.58083 
0.135039 4.55083 
0.164042 4.52082 
0.191587 4.49303 
0.219132 4.46524 
0.246677 4.43745 
0.274222 4.40966 
0.301767 4.38187 
0.329312 4.35408 
0.356858 4.32629 
0.384403 4.2985 
0.41269 4.20291 
0.440977 4.10733 
0.469264 4.01174 
0.497551 3.91615 
0.525838 3.82056 
0.554124 3.72498 
0.582411 3.62939 
0.610035 3.52591 
0.637658 3.42244 
0.665281 3.31897 
0.692904 3.2155 
0.720527 3.11202 
0.748151 3.00855 
0.77534 2.89434 
0.80253 2.78012 
0.82972 2.66591 
0.856909 2.55169 
0.884099 2.43748 
0.911241 2.30621 
0.938383 2.17494 
0.965525 2.04366 
0.992667 1.91239 
1.02044 1.75042 
1.04822 1.58844 
1.07599 1.42646 
1.09594 1.27473 
1.11588 1.12299 
1.13583 0.971258 
1.14838 0.826718 
1.16093 0.682178 
1.17348 0.537638 
1.19877 0.476062 
1.22126 0.425381 
1.24147 0.384518 
1.25987 0.352594 
1.27687 0.328918 
1.29289 0.312976 
1.30788 0.288116 
1.32181 0.270093 
1.335 0.258501 
1.35007 0.345573 
1.3697 0.440933 
1.39434 0.546913 
1.42461 0.666127 
1.44292 0.733832 
1.46122 0.801538 
1.478 0.672556 
1.49478 0.543573 
1.50529 0.421249 
1.5158 0.298925 
1.52751 0.170166 
1.53289 0.0455846 
1.53468 0.0260972 
1.53551 0.00725071 
1.53541 -0.0114177 
1.53436 -0.0303665 
1.53307 -0.0213569 
1.53222 -0.0128718 
1.53178 -0.00470275 
1.53175 0.00335081 
1.53212 0.0114867 
1.5329 0.0199046 
1.5338 0.0160111 
1.53437 0.00695152 
1.53449 -0.00193731 

