-1.5708 0 
-1.5729 -0.0840171 
-1.57916 -0.165978 
-1.58943 -0.243876 
-1.60345 -0.315807 
-1.62088 -0.380014 
-1.6413 -0.434931 
-1.6642 -0.479231 
-1.68903 -0.511854 
-1.71518 -0.532038 
-1.74202 -0.539336 
-1.76501 -0.378488 
-1.77971 -0.208547 
-1.78578 -0.0336105 
-1.78297 0.145682 
-1.77127 0.321487 
-1.75095 0.489578 
-1.72251 0.645877 
-1.68662 0.786545 
-1.64417 0.908091 
-1.59724 0.965415 
-1.54802 0.999123 
-1.49773 1.00839 
-1.4476 0.993046 
-1.39883 0.953585 
-1.35262 0.891132 
-1.31007 0.807382 
-1.2722 0.704536 
-1.23796 0.662458 
-1.20621 0.605053 
-1.17769 0.533808 
-1.15303 0.450488 
-1.1328 0.357084 
-1.11746 0.25576 
-1.10732 0.148804 
-1.10894 -0.213222 
-1.12857 -0.570565 
-1.16578 -0.91526 
-1.21975 -1.23933 
-1.28924 -1.53488 
-1.37263 -1.79432 
-1.46795 -2.01071 
-1.57289 -2.17818 
-1.68488 -2.29239 
-1.8012 -2.35092 
-1.91878 -2.34308 
-2.03461 -2.28138 
-2.14608 -2.16975 
-2.25084 -2.01355 
-2.3468 -1.81898 
-2.43221 -1.59255 
-2.50563 -1.34065 
-2.56595 -1.06915 
-2.61231 -0.783332 
-2.64412 -0.48776 
-2.65471 0.0643222 
-2.6377 0.615657 
-2.59327 1.15962 
-2.52198 1.68862 
-2.42481 2.19339 
-2.30324 2.66266 
-2.15936 3.08327 
-1.99596 3.44103 
-1.81633 3.72998 
-1.62443 3.93056 
-1.42488 4.03537 
-1.22252 4.04281 
-1.02215 3.95752 
-0.828148 3.78976 
-0.64431 3.55367 
-0.475354 3.19726 
-0.325185 2.80475 
-0.195248 2.38998 
-0.0863786 1.96356 
0.00103622 1.53273 
0.0668933 1.10174 
0.111239 0.672408 
0.134164 0.24482 
0.135734 -0.181997 
0.115034 -0.646227 
0.0710818 -1.11218 
0.00378452 -1.57992 
-0.0869104 -2.04758 
-0.200898 -2.51059 
-0.337761 -2.96099 
-0.494359 -3.29776 
-0.666896 -3.59601 
-0.85305 -3.83968 
-1.04968 -4.01258 
-1.25289 -4.10049 
-1.45815 -4.09338 
-1.66057 -3.98706 
-1.85523 -3.78386 
-2.03748 -3.49195 
-2.20896 -3.35554 
-2.37193 -3.1532 
-2.52338 -2.89707 
-2.65845 -2.49983 
-2.77289 -2.07389 
-2.86293 -1.5255 
-2.92527 -0.966594 
-2.95867 -0.369057 
-2.96214 0.230192 
-2.93567 0.828392 
-2.87938 1.42229 
-2.79295 2.03271 
-2.67639 2.62578 
-2.53086 3.18961 
-2.35818 3.70829 
-2.1611 4.16268 
-1.94333 4.53241 
-1.70958 4.79909 
-1.46535 4.94994 
-1.21659 4.98095 
-0.969274 4.89361 
-0.728868 4.70787 
-0.499766 4.44544 
-0.285196 4.13068 
-0.0871761 3.78714 
0.0933793 3.43514 
0.256464 3.0906 
0.402757 2.76496 
0.533401 2.46563 
0.649748 2.19357 
0.753299 1.95393 
0.845687 1.74699 
0.928532 1.57208 
1.00341 1.42803 
1.07183 1.31352 
1.13523 1.22731 
1.19501 1.16843 
1.25252 1.13624 
1.30526 0.977415 
1.35065 0.841746 
1.38977 0.726252 
1.42357 0.628308 
1.45285 0.545634 
1.47835 0.476273 
1.50068 0.418564 
1.52038 0.371116 
1.53652 0.275878 
1.54808 0.187416 
1.55534 0.103558 
1.55848 0.0222443 
1.55757 -0.0585225 
1.5526 -0.140727 
1.54809 -0.0399417 
1.54859 0.0598625 
1.55126 0.0472849 
1.55334 0.0358691 
1.55486 0.0253347 
1.55588 0.0154228 
1.55641 0.00588985 
1.55647 -0.00349836 
1.55606 -0.0129725 

