-1.5708 0 
-1.57189 -0.0436957 
-1.57515 -0.0863219 
-1.58049 -0.126835 
-1.58712 -0.137895 
-1.59422 -0.145579 
-1.60162 -0.149702 
-1.60913 -0.150162 
-1.61657 -0.14695 
-1.62377 -0.140145 
-1.63053 -0.129915 
-1.6367 -0.116511 
-1.64213 -0.100261 
-1.64851 -0.15422 
-1.65749 -0.204417 
-1.66887 -0.249629 
-1.68235 -0.288761 
-1.69763 -0.32087 
-1.71448 -0.352043 
-1.73269 -0.374688 
-1.75245 -0.414077 
-1.77393 -0.4435 
-1.79662 -0.462291 
-1.81998 -0.470055 
-1.84344 -0.466671 
-1.86646 -0.452285 
-1.88849 -0.427309 
-1.90902 -0.392396 
-1.92133 -0.0989069 
-1.91888 0.19686 
-1.90172 0.48809 
-1.87026 0.768009 
-1.82522 1.02995 
-1.76989 1.17893 
-1.7078 1.29962 
-1.64045 1.38881 
-1.56948 1.4441 
-1.49663 1.46406 
-1.42367 1.44831 
-1.35238 1.3975 
-1.28448 1.31331 
-1.22157 1.19827 
-1.16695 0.98224 
-1.12371 0.744075 
-1.09282 0.489462 
-1.07494 0.224193 
-1.07048 -0.0459129 
-1.07952 -0.31503 
-1.10187 -0.577336 
-1.13976 -0.935682 
-1.19509 -1.27318 
-1.2666 -1.58165 
-1.35264 -1.85316 
-1.45118 -2.08039 
-1.55983 -2.2571 
-1.67596 -2.37862 
-1.79673 -2.44233 
-1.91923 -2.44785 
-2.04003 -2.37509 
-2.15431 -2.18838 
-2.25812 -1.95693 
-2.34939 -1.68838 
-2.42646 -1.3903 
-2.48805 -1.0698 
-2.53318 -0.733296 
-2.55649 -0.198035 
-2.55294 0.339932 
-2.52257 0.87323 
-2.46582 1.394 
-2.38353 1.89326 
-2.27703 2.36046 
-2.14822 2.78352 
-1.99963 3.1494 
-1.83739 3.32785 
-1.66815 3.42787 
-1.49395 3.52597 
-1.31699 3.53826 
-1.14152 3.46692 
-0.971583 3.31856 
-0.810777 3.10343 
-0.662159 2.83317 
-0.528174 2.5201 
-0.410669 2.17575 
-0.310955 1.80992 
-0.229905 1.43032 
-0.168058 1.04257 
-0.125721 0.65043 
-0.103049 0.256209 
-0.102556 -0.236467 
-0.126686 -0.728514 
-0.175368 -1.2182 
-0.248417 -1.70249 
-0.345444 -2.17629 
-0.465741 -2.63175 
-0.608133 -3.05798 
-0.770823 -3.44118 
-0.951271 -3.76554 
-1.14613 -4.01487 
-1.35394 -4.28141 
-1.56919 -4.31119 
-1.7833 -4.23586 
-1.99109 -4.05952 
-2.1877 -3.79087 
-2.36891 -3.44653 
-2.53136 -3.04313 
-2.67251 -2.59677 
-2.79056 -2.12136 
-2.88434 -1.6278 
-2.95317 -1.12384 
-2.99664 -0.614561 
-3.01459 -0.103007 
-3.00694 0.408883 
-2.97404 0.906396 
-2.91636 1.40007 
-2.83417 1.88587 
-2.72685 2.40392 
-2.59417 2.89791 
-2.44031 3.24931 
-2.2701 3.54923 
-2.0865 3.78262 
-1.89318 3.93558 
-1.69446 3.99743 
-1.49506 3.9625 
-1.29982 3.83117 
-1.11344 3.60971 
-0.940171 3.30905 
-0.783391 2.95246 
-0.645778 2.54468 
-0.525089 2.27745 
-0.418501 1.98211 
-0.327208 1.66688 
-0.252033 1.33837 
-0.193509 1.00155 
-0.151958 0.659905 
-0.12756 0.315744 
-0.1204 -0.029435 
-0.130502 -0.374524 
-0.159959 -0.80343 
-0.210791 -1.22909 
-0.282762 -1.6483 
-0.375432 -2.05604 
-0.48661 -2.3873 
-0.613704 -2.69103 
-0.755078 -2.95666 
-0.908541 -3.1726 
-1.07132 -3.32729 
-1.24008 -3.41058 
-1.41106 -3.41509 
-1.58021 -3.33729 
-1.74781 -3.35308 
-1.91418 -3.28826 
-2.07538 -3.14779 
-2.22783 -2.93992 
-2.36842 -2.67503 
-2.49457 -2.36427 
-2.60633 -2.10124 
-2.70425 -1.81182 
-2.7872 -1.50346 
-2.85438 -1.18218 
-2.90528 -0.852582 
-2.93956 -0.518009 
-2.95704 -0.180835 
-2.95763 0.15717 
-2.94133 0.494455 
-2.90823 0.829279 
-2.85579 1.26687 
-2.78169 1.69554 
-2.68649 2.10939 
-2.56718 2.65819 
-2.42126 3.1713 
-2.25068 3.64191 
-2.05823 4.04306 
-1.85252 4.16943 
-1.64291 4.19808 
-1.43442 4.12463 
-1.22796 4.1176 
-1.02424 4.01595 
-0.82776 3.83049 
-0.644364 3.4953 
-0.479089 3.1085 
-0.334102 2.68631 
-0.210821 2.24224 
-0.110073 1.78637 
-0.0322666 1.32544 
0.0198092 0.757569 
0.0434952 0.189933 
0.0388056 -0.377534 
0.00573647 -0.945294 
-0.0557244 -1.51302 
-0.145529 -2.07842 
-0.26344 -2.63609 
-0.408853 -3.17652 
-0.579577 -3.64584 
-0.771222 -4.01019 
-0.980328 -4.3409 
-1.20384 -4.58346 
-1.43693 -4.72166 
-1.6741 -4.74583 
-1.90959 -4.655 
-2.13781 -4.45712 
-2.35377 -4.16739 
-2.55001 -3.67182 
-2.72011 -3.12574 
-2.86205 -2.5479 
-2.97461 -1.95241 
-3.05716 -1.34862 
-3.10942 -0.741788 
-3.13132 -0.134236 
-3.12285 0.473374 
-3.08405 1.07838 
-3.01504 1.68167 
-2.91597 2.27945 
-2.78898 2.79723 
-2.63665 3.29097 
-2.45803 3.8454 
-2.2531 4.34005 
-2.02574 4.73877 
-1.78096 5.03354 
-1.52439 5.20837 
-1.26224 5.25659 
-1.00077 5.18292 
-0.745726 5.00289 
-0.501865 4.73992 
-0.272667 4.42096 
-0.0602589 4.07251 
0.13461 3.72286 
0.312227 3.38504 
0.473535 3.07235 
0.620032 2.79374 
0.753571 2.55475 
0.87622 2.3585 
0.988763 2.1506 
1.09201 1.98672 
1.18279 1.65114 
1.25775 1.35303 
1.31862 1.0865 
1.36683 0.845799 
1.40354 0.625437 
1.42963 0.420223 
1.44573 0.225229 

