-1.5708 0 
-1.56493 0.233994 
-1.54749 0.46226 
-1.5189 0.679218 
-1.47985 0.879578 
-1.4313 1.05851 
-1.37442 1.21179 
-1.3106 1.33601 
-1.24135 1.42865 
-1.16829 1.48822 
-1.09309 1.5143 
-1.02138 1.34885 
-0.964104 0.938296 
-0.927866 0.5088 
-0.91339 0.0692929 
-0.920959 -0.371563 
-0.950426 -0.805145 
-1.00121 -1.22263 
-1.07227 -1.61483 
-1.16211 -1.97224 
-1.26875 -2.28531 
-1.38975 -2.54497 
-1.52255 -2.75632 
-1.66426 -2.90038 
-1.81141 -2.9739 
-1.96047 -2.97687 
-2.10798 -2.91254 
-2.24791 -2.67533 
-2.37466 -2.38701 
-2.48103 -1.86207 
-2.5604 -1.30892 
-2.61162 -0.73799 
-2.63404 -0.157805 
-2.62737 0.424284 
-2.5917 1.0012 
-2.52747 1.56514 
-2.43555 2.10679 
-2.31735 2.61473 
-2.17636 3.01592 
-2.01385 3.47302 
-1.83034 3.85331 
-1.63004 4.14262 
-1.41776 4.33106 
-1.19867 4.41517 
-0.977918 4.39903 
-0.759975 4.3051 
-0.548617 4.1387 
-0.352626 3.69399 
-0.179744 3.21761 
-0.0311049 2.72669 
0.0928863 2.23328 
0.192305 1.74462 
0.267482 1.26387 
0.318827 0.791142 
0.343403 0.192575 
0.33811 -0.404434 
0.302906 -1.00467 
0.237523 -1.61207 
0.141546 -2.22849 
0.0119419 -2.95652 
-0.154113 -3.68476 
-0.350561 -4.16917 
-0.570441 -4.61806 
-0.807212 -4.84048 
-1.05306 -4.9775 
-1.3032 -5.00911 
-1.55201 -4.9231 
-1.79351 -4.71723 
-2.02186 -4.39918 
-2.23149 -3.97149 
-2.41772 -3.46693 
-2.5768 -2.8883 
-2.70592 -2.27142 
-2.80355 -1.63067 
-2.86876 -0.976379 
-2.90107 -0.315447 
-2.90028 0.347388 
-2.86637 1.00812 
-2.79958 1.66194 
-2.70041 2.3018 
-2.56825 2.97924 
-2.40315 3.61665 
-2.20758 4.19411 
-1.99711 4.21007 
-1.78814 4.13256 
-1.57722 4.28688 
-1.36119 4.33668 
-1.14528 4.28306 
-0.934478 4.13425 
-0.733213 3.90417 
-0.545128 3.61007 
-0.380673 2.96215 
-0.249368 2.28676 
-0.152232 1.59709 
-0.0897613 0.901142 
-0.0621529 0.203026 
-0.0694643 -0.495443 
-0.111682 -1.19296 
-0.188704 -1.88697 
-0.301069 -2.60543 
-0.448926 -3.30445 
-0.630923 -3.96778 
-0.844744 -4.57335 
-1.08686 -5.09501 
-1.35241 -5.50653 
-1.62423 -5.3444 
-1.88468 -5.0524 
-2.12752 -4.64324 
-2.34739 -4.13765 
-2.54007 -3.55956 
-2.70252 -2.93171 
-2.83733 -2.45663 
-2.94788 -1.96319 
-3.03349 -1.4602 
-3.09148 -0.85892 
-3.11936 -0.256429 
-3.11712 0.346248 
-3.08474 0.948655 
-3.02227 1.54956 
-2.92986 2.14567 
-2.80486 2.85157 
-2.6451 3.53385 
-2.45217 4.17437 
-2.22875 4.74949 
-1.97876 5.23255 
-1.70745 5.59844 
-1.42244 5.77851 
-1.13192 5.81969 
-0.848434 5.50049 
-0.583555 5.08047 
-0.338062 4.73037 
-0.108691 4.44032 
0.105769 4.13809 
0.305292 3.84617 
0.490855 3.58222 
0.664202 3.35938 
0.820111 2.88561 
0.953623 2.46331 
1.06726 2.09013 
1.16338 1.76177 
1.2441 1.47306 
1.31182 1.24089 
1.36868 1.03816 
1.41605 0.860402 
1.45507 0.703528 
1.48669 0.563821 
1.51168 0.437919 
1.53066 0.322759 
1.54409 0.215523 
1.5523 0.113582 
1.55549 0.0144311 

