-1.5708 0 
-1.63972 -0.522918 
-1.81337 -0.230327 
-1.71849 0.816692 
-1.26405 1.51672 
-0.921368 1.09994 
-1.11869 -1.979 
-1.73788 -2.72426 
-2.14673 -2.63366 
-2.72327 -0.0184734 
-2.24609 3.06526 
-2.08597 3.32871 
-0.472855 1.91462 
-0.34321 -1.07299 
-0.701198 -2.44992 
-0.835427 -2.91161 
-1.55183 -4.03717 
-2.88771 -1.98758 
-3.00625 1.2058 
-1.43245 4.96899 
-0.702015 4.61508 
0.634261 2.08216 
1.15535 0.787171 
1.34989 0.42839 
1.36781 0.289857 
1.4626 0.304367 
1.5323 0.281338 
1.59786 0.269648 
1.61198 -0.077963 
1.61004 0.000473435 

