-1.5708 0 
-1.55991 0.434579 
-1.52752 0.858523 
-1.47441 1.26148 
-1.40188 1.63374 
-1.31712 1.74975 
-1.24271 1.22098 
-1.1955 0.663869 
-1.17658 0.0915964 
-1.18637 -0.482752 
-1.22467 -1.04612 
-1.29058 -1.58534 
-1.38258 -2.08722 
-1.49102 -2.24151 
-1.61508 -2.71077 
-1.76099 -3.11386 
-1.92522 -3.44233 
-2.10391 -3.69208 
-2.27216 -3.02676 
-2.40564 -2.30452 
-2.50197 -1.54405 
-2.55966 -0.760718 
-2.57787 0.0330056 
-2.56417 0.514594 
-2.52653 0.989239 
-2.46548 1.44979 
-2.38192 1.88797 
-2.27721 2.29416 
-2.15322 2.65748 
-2.01237 2.9664 
-1.85768 3.20968 
-1.68641 3.62707 
-1.49644 3.95647 
-1.29237 4.18965 
-1.07911 4.32464 
-0.861462 4.36672 
-0.649635 4.09452 
-0.453023 3.76157 
-0.274153 3.38802 
-0.114599 2.99166 
0.024869 2.58656 
0.14408 2.18271 
0.243266 1.78629 
0.322882 1.4002 
0.383466 1.02486 
0.435456 1.05646 
0.489294 1.099 
0.545568 1.15424 
0.604963 1.2242 
0.668273 1.31127 
0.736423 1.41832 
0.803476 1.26759 
0.863555 1.13921 
0.917751 1.03208 
0.967098 0.945063 
1.01258 0.87714 
1.05512 0.827484 
1.09562 0.795507 
1.13496 0.780904 
1.174 0.783692 
1.21362 0.80424 
1.25183 0.726993 
1.2866 0.666702 
1.31876 0.622133 
1.34906 0.592366 
1.37823 0.576797 
1.40697 0.575139 
1.43598 0.587425 
1.46596 0.614015 
1.49763 0.655611 
1.53178 0.713276 
1.56786 0.732706 
1.60535 0.770142 
1.63855 0.560513 
1.66163 0.364629 
1.67516 0.177671 
1.67947 -0.00494402 
1.67467 -0.18768 
1.66063 -0.375004 
1.63701 -0.571508 
1.60844 -0.573756 
1.58536 -0.351384 
1.57316 -0.137646 
1.57154 0.0727095 
1.58046 0.284852 
1.5835 -0.162864 
1.5819 0.0984151 
1.58623 0.0754513 
1.58947 0.0543415 
1.59169 0.0345669 
1.59325 0.0278011 
1.59426 0.012839 
1.59453 -0.00180761 

