-1.5708 0 
-1.56507 0.228541 
-1.54804 0.451489 
-1.52011 0.663391 
-1.49252 0.437827 
-1.4765 0.201578 
-1.47244 -0.0395833 
-1.48044 -0.279781 
-1.50031 -0.513157 
-1.53155 -0.734002 
-1.57341 -0.936898 
-1.62502 -1.12317 
-1.68527 -1.282 
-1.7527 -1.40968 
-1.82567 -1.50344 
-1.90245 -1.56162 
-1.98123 -1.58369 
-2.06022 -1.57022 
-2.13769 -1.52284 
-2.20081 -0.997962 
-2.23715 -0.453247 
-2.24599 0.100238 
-2.22716 0.651797 
-2.18102 1.19065 
-2.1085 1.70551 
-2.01107 2.18439 
-1.8948 2.45786 
-1.76624 2.67431 
-1.62844 2.82661 
-1.48473 2.90996 
-1.33862 2.92247 
-1.20159 2.54806 
-1.08479 2.11543 
-0.990813 1.63693 
-0.921654 1.12478 
-0.878701 0.590593 
-0.862781 0.0452097 
-0.874195 -0.501019 
-0.912726 -1.03779 
-0.974066 -1.41177 
-1.05343 -1.75709 
-1.14915 -2.06496 
-1.25915 -2.32668 
-1.38091 -2.5342 
-1.51156 -2.68086 
-1.64791 -2.76211 
-1.78664 -2.77607 
-1.92441 -2.72377 
-2.05798 -2.60899 
-2.1876 -2.56679 
-2.3138 -2.47336 
-2.43419 -2.33533 
-2.54671 -2.16008 
-2.6497 -1.9551 
-2.74185 -1.72741 
-2.82217 -1.48313 
-2.88997 -1.22733 
-2.94388 -0.928112 
-2.9827 -0.624337 
-3.00627 -0.318082 
-3.01449 -0.010746 
-3.00735 0.296625 
-2.98485 0.602994 
-2.93947 1.21149 
-2.8638 1.81381 
-2.7583 2.40362 
-2.62381 2.97104 
-2.4618 3.50207 
-2.27451 3.97888 
-2.06515 4.38131 
-1.83795 4.68948 
-1.59804 4.88734 
-1.3512 4.96621 
-1.10244 4.96508 
-0.856498 4.856 
-0.618337 4.65736 
-0.391864 4.39262 
-0.180727 4.04801 
0.0126359 3.68519 
0.187807 3.32309 
0.345195 2.97583 
0.485798 2.65295 
0.610994 2.36021 
0.722371 2.10051 
0.821611 1.87477 
0.910408 1.68264 
0.990418 1.52307 
1.06189 1.34066 
1.12496 1.18696 
1.18102 1.05954 
1.22862 0.847974 
1.26614 0.656013 
1.29447 0.479417 
1.31427 0.314148 
1.32601 0.156341 
1.32694 -0.119172 
1.32139 -0.103365 
1.3169 -0.0763393 
1.31372 -0.05113 
1.31177 -0.0271358 
1.311 -0.00378634 
1.31139 0.0194732 
1.31233 0.0180899 
1.31321 0.0171363 
1.31405 0.0165899 
1.31487 0.0164378 
1.3157 0.0166765 
1.31655 0.0173117 
1.31744 0.0183587 
1.31839 0.0198424 
1.32058 0.0678183 
1.3252 0.117409 
1.33237 0.169799 
1.34225 0.226244 
1.35508 0.288105 
1.37117 0.356883 
1.39091 0.434258 
1.41477 0.522135 
1.43875 0.438946 
1.45885 0.366448 
1.47555 0.302898 
1.48926 0.246757 
1.50032 0.19666 
1.509 0.151383 
1.51552 0.10982 
1.52003 0.0709508 
1.52265 0.0338233 
1.52343 -0.00247404 

