-1.5708 0 
-1.56998 0.0325503 
-1.56755 0.0643039 
-1.57049 -0.0959248 
-1.57343 -0.256153 
-1.57637 -0.416382 
-1.58726 -0.573214 
-1.59814 -0.730046 
-1.60902 -0.886878 
-1.62758 -1.03648 
-1.64614 -1.18609 
-1.6647 -1.33569 
-1.69048 -1.47446 
-1.71627 -1.61322 
-1.74205 -1.75199 
-1.76634 -1.84552 
-1.79062 -1.93904 
-1.81491 -2.03257 
-1.8392 -2.1261 
-1.86785 -2.20711 
-1.89651 -2.28811 
-1.92517 -2.36912 
-1.95382 -2.45013 
-1.97972 -2.50385 
-2.00561 -2.55756 
-2.0315 -2.61127 
-2.05739 -2.66498 
-2.08328 -2.71869 
-2.11157 -2.76084 
-2.13986 -2.80299 
-2.16815 -2.84514 
-2.19644 -2.88729 
-2.22473 -2.92943 
-2.25484 -2.96024 
-2.28495 -2.99104 
-2.31506 -3.02184 
-2.34517 -3.05264 
-2.37528 -3.08344 
-2.40666 -3.10381 
-2.43805 -3.12418 
-2.46943 -3.14454 
-2.50082 -3.16491 
-2.5322 -3.18528 
-2.55949 -3.00166 
-2.58678 -2.81804 
-2.61407 -2.63442 
-2.64136 -2.4508 
-2.66865 -2.26718 
-2.68662 -2.07839 
-2.70459 -1.8896 
-2.72256 -1.70081 
-2.74052 -1.51202 
-2.75849 -1.32323 
-2.76695 -1.13194 
-2.7754 -0.940659 
-2.78386 -0.749375 
-2.79232 -0.55809 
-2.80077 -0.366806 
-2.79964 -0.1749 
-2.79851 0.0170052 
-2.79738 0.208911 
-2.79625 0.400816 
-2.79512 0.592722 
-2.78441 0.783608 
-2.77371 0.974495 
-2.763 1.16538 
-2.75229 1.35627 
-2.74158 1.54715 
-2.7214 1.73501 
-2.70121 1.92286 
-2.68103 2.11071 
-2.66084 2.29856 
-2.64065 2.48642 
-2.61121 2.6683 
-2.58177 2.85019 
-2.55232 3.03207 
-2.52288 3.21396 
-2.49344 3.39585 
-2.46607 3.5185 
-2.43871 3.64116 
-2.41135 3.76382 
-2.38399 3.88648 
-2.35663 4.00914 
-2.32927 4.13179 
-2.30191 4.25445 
-2.27284 4.35203 
-2.24376 4.44961 
-2.21468 4.54719 
-2.1856 4.64477 
-2.15652 4.74235 
-2.12744 4.83993 
-2.09837 4.9375 
-2.06929 5.03508 
-2.04071 5.05693 
-2.01214 5.07877 
-1.98357 5.10061 
-1.955 5.12245 
-1.92642 5.1443 
-1.89785 5.16614 
-1.86928 5.18798 
-1.8407 5.20982 
-1.81213 5.23167 
-1.78163 5.28664 
-1.75113 5.34161 
-1.72063 5.39658 
-1.69013 5.45155 
-1.65962 5.50652 
-1.62912 5.5615 
-1.59862 5.61647 
-1.56812 5.67144 
-1.53762 5.72641 
-1.50804 5.76197 
-1.47846 5.79754 
-1.44888 5.8331 
-1.4193 5.86867 
-1.38972 5.90423 
-1.36014 5.93979 
-1.33056 5.97536 
-1.30098 6.01092 
-1.2714 6.04649 
-1.24182 6.08205 
-1.21081 6.10365 
-1.1798 6.12525 
-1.1488 6.14685 
-1.11779 6.16845 
-1.08678 6.19005 
-1.05578 6.21165 
-1.02477 6.23325 
-0.993765 6.25485 
-0.962759 6.27645 
-0.931753 6.29805 
-0.902872 6.30654 
-0.873991 6.31503 
-0.84511 6.32352 
-0.816229 6.33201 
-0.787348 6.34051 
-0.758467 6.349 
-0.729586 6.35749 
-0.700706 6.36598 
-0.671825 6.37447 
-0.642944 6.38296 
-0.614063 6.39145 
-0.584976 6.39182 
-0.555888 6.39219 
-0.526801 6.39255 
-0.497714 6.39292 
-0.468627 6.39329 
-0.439539 6.39365 
-0.410452 6.39402 
-0.381365 6.39438 
-0.352278 6.39475 
-0.32319 6.39512 
-0.294103 6.39548 
-0.265118 6.39175 
-0.236133 6.38801 
-0.207148 6.38428 
-0.178163 6.38055 
-0.149178 6.37681 
-0.120193 6.37308 
-0.0912085 6.36934 
-0.0622236 6.36561 
-0.0332386 6.36188 
-0.00425368 6.35814 
0.0247313 6.35441 
0.0545001 6.2747 
0.0842689 6.195 
0.114038 6.11529 
0.143807 6.03559 
0.173575 5.95588 
0.203344 5.87618 
0.233113 5.79647 
0.262882 5.71677 
0.292651 5.63707 
0.322419 5.55736 
0.35117 5.47343 
0.37992 5.3895 
0.40867 5.30557 
0.437421 5.22164 
0.466171 5.13771 
0.494921 5.05378 
0.523671 4.96985 
0.552422 4.88592 
0.581172 4.802 
0.608986 4.71552 
0.6368 4.62904 
0.664615 4.54256 
0.692429 4.45608 
0.720243 4.3696 
0.748057 4.28312 
0.775871 4.19664 
0.803685 4.11016 
0.830786 4.02158 
0.857887 3.93301 
0.884987 3.84444 
0.912088 3.75587 
0.939189 3.6673 
0.966289 3.57873 
0.99339 3.49016 
1.02014 3.39871 
1.04689 3.30726 
1.07364 3.21582 
1.10039 3.12437 
1.12714 3.03292 
1.15389 2.94148 
1.18084 2.8449 
1.20779 2.74831 
1.23474 2.65173 
1.26169 2.55515 
1.28864 2.45857 
1.31665 2.35231 
1.34467 2.24605 
1.37269 2.13978 
1.40071 2.03352 
1.43141 1.90822 
1.46211 1.78293 
1.49281 1.65763 
1.51759 1.54586 
1.54237 1.43409 
1.56715 1.32232 
1.59637 1.17091 
1.62558 1.0195 
1.64964 0.964192 
1.67369 0.908888 
1.69526 0.864692 
1.71684 0.820496 
1.73646 0.786275 
1.75607 0.752053 
1.77421 0.726914 
1.79235 0.701775 
1.80944 0.685049 
1.82653 0.668322 
1.83903 0.501035 
1.85153 0.333748 
1.85579 0.170406 
1.86004 0.00706397 
1.85614 -0.156195 
1.85224 -0.319454 
1.8374 -0.275601 
1.82457 -0.23828 
1.81347 -0.206627 
1.80383 -0.179902 
1.79541 -0.157477 
1.78802 -0.138826 
1.78147 -0.123505 
1.77486 -0.265129 
1.76824 -0.406754 
1.75444 -0.553283 
1.74063 -0.699811 
1.72369 -0.679179 
1.70674 -0.658547 
1.69063 -0.645931 
1.67451 -0.633314 
1.64315 -0.62356 
1.6119 -0.629089 
1.59595 -0.639576 
1.57999 -0.650063 
1.56331 -0.668537 
1.54663 -0.687011 
1.53204 -0.584885 
1.51745 -0.482758 
1.49816 -0.290354 
1.48829 -0.105067 
1.48761 0.0776459 
1.49152 0.0790962 
1.49555 0.0824843 
1.4998 0.0878937 
1.50437 0.0954576 
1.50938 0.105362 
1.51495 0.117851 
1.52122 0.133232 
1.52833 0.151883 
1.53647 0.174263 
1.54759 0.271476 
1.55972 0.214571 
1.56913 0.162939 
1.57608 0.115311 
1.58071 0.070517 
1.58316 0.0274558 
1.58347 -0.0149307 

